2
50637354877
30052020
1
01634538889
30052020
1
50637354877
30052020
1
01634538889
30052020
1
50637354877
30052020
1
50637354877
29052020
1
50637354877
29052020
1
50637354877
28052020
1
50637354877
28052020
1
50637354877
28052020
1
50637354877
30052020
1
50637354877
30052020
1
50637354877
27052020
1
50637354877
27052020
1
50637354877
26052020
1
50637354877
28052020
1
50637354877
27052020
1
50637354877
27052020
1
50637354877
27052020
1
50637354877
20200527
1
50637354877
20200528
1
50637354877
20200529
1
50637354877
20205030
1
50637354877
20200528
